ROUTE:1:3.153099,101.6933;3.144808,101.693966;3.15754,101.683864
ROUTE:2:3.1521,101.690648;3.14251,101.696085;3.141938,101.696633
ROUTE:3:3.153116,101.685074;3.15362,101.687981;3.140933,101.688582
